[1,["cawMFrdYFOIr+/83mxPj+K@12496","1brw/JvvpFnIvdrxpFCgMZ","75kDek6+9DNqwkZvuzrUTF","cawMFrdYFOIr+/83mxPj+K@3eea5","cawMFrdYFOIr+/83mxPj+K@438fe","cawMFrdYFOIr+/83mxPj+K@34918","cawMFrdYFOIr+/83mxPj+K@89933","cawMFrdYFOIr+/83mxPj+K@1f586","cawMFrdYFOIr+/83mxPj+K@cf5ee","cawMFrdYFOIr+/83mxPj+K@151e9","cawMFrdYFOIr+/83mxPj+K@13c14","cawMFrdYFOIr+/83mxPj+K@07a11","cawMFrdYFOIr+/83mxPj+K@67bfe","cawMFrdYFOIr+/83mxPj+K@74167","cawMFrdYFOIr+/83mxPj+K@b4251","cawMFrdYFOIr+/83mxPj+K@a9e48","cawMFrdYFOIr+/83mxPj+K@ee525","cawMFrdYFOIr+/83mxPj+K@562d4","cawMFrdYFOIr+/83mxPj+K@34ab7","cawMFrdYFOIr+/83mxPj+K@a2751","cawMFrdYFOIr+/83mxPj+K@56689"],["_parent","node","_effectAsset","root","ndSocketRightFoot","ndSocketLeftFoot","ndSocketRightFinger","ndSocketLeftFinger","ndSocketHead","aniComPlayer","data","_mesh","_skeleton","_defaultClip"],[["cc.Node",["_name","_prefab","_parent","_euler","_lpos","_lrot","_children","_components","_lscale"],2,4,1,5,5,5,2,9,5],["cc.Material",["_name","_states","_defines","_props"],0,12],["cc.Mesh",["_native","_hash","_struct"],1,11],["cc.Skeleton",["_name","_hash","_joints","_bindposes"],0,12],["cc.Prefab",["_name"],2],["cc.Node",["_name","_parent","_children","_components","_prefab"],2,1,2,12,4],["cc.Node",["_name","_parent","_children","_prefab","_lpos","_lrot","_euler"],2,1,12,4,5,5,5],["cc.Node",["_name","_parent","_children","_prefab","_lpos","_lrot","_euler"],2,1,9,4,5,5,5],["a8551HLRYlA2ajDiowZE3qA",["node","__prefab"],3,1,4],["cc.CompPrefabInfo",["fileId"],2],["cc.PrefabInfo",["fileId","instance","targetOverrides","nestedPrefabInstanceRoots","root","asset"],-1,1,1],["b5c0duurqVK/5KonAmAxa+H",["node","__prefab","aniComPlayer","ndSocketHead","ndSocketLeftFinger","ndSocketRightFinger","ndSocketLeftFoot","ndSocketRightFoot"],3,1,4,1,1,1,1,1,1],["cc.SkinnedMeshRenderer",["_shadowCastingMode","node","__prefab","_materials","bakeSettings","_skinningRoot","_mesh","_skeleton"],2,1,4,3,4,1,6,6],["cc.ModelBakeSettings",[],3],["cc.SkeletalAnimation",["node","__prefab","_clips","_sockets"],3,1,4,3,9],["cc.SkeletalAnimation.Socket",["path","target"],2,1]],[[10,0,1,2,3,4,5,5],[0,0,2,6,1,4,5,3,2],[7,0,1,2,3,4,5,6,2],[0,0,2,1,4,5,8,3,2],[15,0,1,2],[0,0,6,1,4,5,3,2],[0,0,2,1,4,5,3,2],[9,0,2],[0,0,2,1,4,3,2],[0,0,2,1,4,2],[1,0,1,2,3,4],[2,0,1,2,3],[3,0,1,2,3,4],[4,0,2],[0,0,6,7,1,2],[0,0,2,6,1,2],[0,0,2,6,1,5,3,2],[0,0,2,7,1,5,3,2],[5,0,1,2,3,4,2],[6,0,1,2,3,4,5,6,2],[8,0,1,1],[11,0,1,2,3,4,5,6,7,1],[12,0,1,2,3,4,5,6,7,2],[13,1],[14,0,1,2,3,1]],[[[[10,"manEnemy",[{"rasterizerState":{},"depthStencilState":{},"blendState":{"targets":[{}]}},{},{}],[{},{},{}],[[[{"roughness":0.9,"metallic":0.1},"mainColor",8,[4,4288168444]],{},{}],11,0,0]]],0,0,[0],[2],[1]],[[[11,".bin",2685380619,[{"primitives":[{"primitiveMode":7,"jointMapIndex":0,"vertexBundelIndices":[0],"indexView":{"offset":59760,"length":9936,"count":4968,"stride":2}}],"vertexBundles":[{"view":{"offset":0,"length":59760,"count":830,"stride":72},"attributes":[{"name":"a_position","format":32,"isNormalized":false},{"name":"a_normal","format":32,"isNormalized":false},{"name":"a_texCoord","format":21,"isNormalized":false},{"name":"a_tangent","format":44,"isNormalized":false},{"name":"a_joints","format":42,"isNormalized":false},{"name":"a_weights","format":44,"isNormalized":false}]}],"jointMaps":[[0,1,2,3,4,5,7,8,9,10,11,12,13,14,15,16,17,18,19,20,21,22]]},"minPosition",8,[1,-0.768776535987854,-0.2529343366622925,0.00023487399448640645],"maxPosition",8,[1,0.7687743306159973,0.15839898586273193,1.7426835298538208]]],-1],0,0,[],[],[]],[[[12,"Skin-0",812003988,["RootNode/Bip001/Bip001 Pelvis/Bip001 Spine","RootNode/Bip001/Bip001 Pelvis/Bip001 Spine/Bip001 Spine1","RootNode/Bip001/Bip001 Pelvis","RootNode/Bip001/Bip001 Pelvis/Bip001 Spine/Bip001 L Thigh","RootNode/Bip001/Bip001 Pelvis/Bip001 Spine/Bip001 Spine1/Bip001 Spine2","RootNode/Bip001/Bip001 Pelvis/Bip001 Spine/Bip001 Spine1/Bip001 Spine2/Bip001 Neck/Bip001 L Clavicle/Bip001 L UpperArm","RootNode/Bip001/Bip001 Pelvis/Bip001 Spine/Bip001 Spine1/Bip001 Spine2/Bip001 Neck/Bip001 L Clavicle","RootNode/Bip001/Bip001 Pelvis/Bip001 Spine/Bip001 Spine1/Bip001 Spine2/Bip001 Neck","RootNode/Bip001/Bip001 Pelvis/Bip001 Spine/Bip001 Spine1/Bip001 Spine2/Bip001 Neck/Bip001 Head","RootNode/Bip001/Bip001 Pelvis/Bip001 Spine/Bip001 L Thigh/Bip001 L Calf/Bip001 L Foot","RootNode/Bip001/Bip001 Pelvis/Bip001 Spine/Bip001 L Thigh/Bip001 L Calf","RootNode/Bip001","RootNode/Bip001/Bip001 Pelvis/Bip001 Spine/Bip001 Spine1/Bip001 Spine2/Bip001 Neck/Bip001 L Clavicle/Bip001 L UpperArm/Bip001 L Forearm/Bip001 L Hand","RootNode/Bip001/Bip001 Pelvis/Bip001 Spine/Bip001 Spine1/Bip001 Spine2/Bip001 Neck/Bip001 L Clavicle/Bip001 L UpperArm/Bip001 L Forearm","RootNode/Bip001/Bip001 Pelvis/Bip001 Spine/Bip001 Spine1/Bip001 Spine2/Bip001 Neck/Bip001 L Clavicle/Bip001 L UpperArm/Bip001 L Forearm/Bip001 L Hand/Bip001 L Finger1","RootNode/Bip001/Bip001 Pelvis/Bip001 Spine/Bip001 R Thigh","RootNode/Bip001/Bip001 Pelvis/Bip001 Spine/Bip001 Spine1/Bip001 Spine2/Bip001 Neck/Bip001 R Clavicle/Bip001 R UpperArm","RootNode/Bip001/Bip001 Pelvis/Bip001 Spine/Bip001 R Thigh/Bip001 R Calf/Bip001 R Foot","RootNode/Bip001/Bip001 Pelvis/Bip001 Spine/Bip001 R Thigh/Bip001 R Calf","RootNode/Bip001/Bip001 Pelvis/Bip001 Spine/Bip001 Spine1/Bip001 Spine2/Bip001 Neck/Bip001 R Clavicle/Bip001 R UpperArm/Bip001 R Forearm/Bip001 R Hand","RootNode/Bip001/Bip001 Pelvis/Bip001 Spine/Bip001 Spine1/Bip001 Spine2/Bip001 Neck/Bip001 R Clavicle/Bip001 R UpperArm/Bip001 R Forearm","RootNode/Bip001/Bip001 Pelvis/Bip001 Spine/Bip001 Spine1/Bip001 Spine2/Bip001 Neck/Bip001 R Clavicle/Bip001 R UpperArm/Bip001 R Forearm/Bip001 R Hand/Bip001 R Finger1","RootNode/Bip001/Bip001 Pelvis/Bip001 Spine/Bip001 Spine1/Bip001 Spine2/Bip001 Neck/Bip001 R Clavicle"],[[[7,1.7531381502067234e-7,-0.0000019225622054364067,1,0,-0.0007962880772538483,-0.9999997019767761,-0.0000019224221432523336,0,0.9999995827674866,-0.0007962880772538483,-1.7684467934486747e-7,0,-0.7353165745735168,0.0006829914054833353,1.7403719576591925e-9,1],[7,3.414480715946411e-7,-0.000002460347332089441,1,0,0.03410381078720093,-0.999418318271637,-0.000002470560957590351,0,0.9994182586669922,0.03410381078720093,-2.5734226483109524e-7,0,-0.8572958111763,-0.029136793687939644,7.111619737543151e-8,1],[7,0.000001561645603942452,0.0000027577068522077752,1,0,6.123234262925839e-17,-1,0.0000027577068522077752,0,1,-4.30650003505062e-12,-0.0000015616457176292897,0,-0.6064661741256714,-2.6586960188978992e-8,8.410474947595503e-7,1],[7,0.08367626368999481,-0.015134245157241821,-0.9963780641555786,0,-0.07330974191427231,-0.9972687363624573,0.008991187438368797,0,-0.993792712688446,0.07229187339544296,-0.08455720543861389,0,0.5940243005752563,-0.04227304458618164,0.15460707247257233,1],[7,6.035348292243725e-7,-0.0000036015112527820747,1,0,0.03410392999649048,-0.999418318271637,-0.0000036199992337060394,0,0.9994182586669922,0.03410392999649048,-4.803580964107823e-7,0,-1.0046582221984863,-0.029016554355621338,3.015074128143169e-7,1],[7,0.959538996219635,0.08967259526252747,0.26691535115242004,0,-0.06552186608314514,0.9930203557014465,-0.09806827455759048,0,-0.27384644746780396,0.07661154866218567,0.9587171673774719,0,0.15089398622512817,-0.11304756253957748,-1.1520662307739258,1],[7,0.9961946606636047,8.085143576863629e-7,0.08715640753507614,0,-0.0030425447039306164,0.9993908405303955,0.03476690128445625,0,-0.08710329979658127,-0.03489978238940239,0.9955877661705017,0,0.03966844454407692,0.031132616102695465,-1.1647783517837524,1],[7,4.2277659417777613e-7,-0.000004169643943896517,1,0,-0.2426939457654953,-0.9701029658317566,-0.000003942378498322796,0,0.9701029062271118,-0.2426939755678177,-0.000001422084096702747,0,-1.1807348728179932,0.2983696758747101,0.0000014225952327251434,1],[7,0.000001112628638111346,-0.000006942255367903272,1,0,-0.1564331352710724,-0.9876884818077087,-0.000006682734237983823,0,0.987688422203064,-0.15643315017223358,-0.000002184929599025054,0,-1.291519284248352,0.22647002339363098,0.0000025375213681400055,1],[7,-1.5895228955287166e-7,0.000001370906602460309,-1,0,-6.123234262925839e-17,-1,-0.000001370906602460309,0,-1,-2.1784753634259552e-13,1.5895228955287166e-7,0,0.09136275947093964,0.011451509781181812,0.14751897752285004,1],[7,0.08502310514450073,0.0013552851742133498,-0.9963780641555786,0,0.12118957191705704,-0.9925886988639832,0.008991237729787827,0,-0.9889813661575317,-0.12151508778333664,-0.08455720543861389,0,0.3311309218406677,0.022268859669566154,0.15460707247257233,1],[7,0.000001370906943520822,1,1.7484555314695172e-7,0,-1,0.000001370906943520822,6.123225660247469e-17,0,-2.396357580685543e-13,-1.7484556735780643e-7,1,0,-2.658928011101125e-8,3.641429199190485e-14,-0.6064661741256714,1],[7,0.9330333471298218,-0.35969558358192444,-0.008238140493631363,0,-0.05148189887404442,-0.15613305568695068,0.986393392086029,0,-0.3560876250267029,-0.9199138283729553,-0.16419515013694763,0,-0.17783236503601074,1.159497857093811,0.2005804181098938,1],[7,0.9545978307723999,0.132285013794899,0.26691535115242004,0,-0.1096482053399086,0.9891206622123718,-0.09806828200817108,0,-0.2769845128059387,0.0643489733338356,0.9587171673774719,0,-0.1161360889673233,-0.11833304911851883,-1.1520663499832153,1],[7,0.8598663210868835,-0.5082864165306091,0.04769175499677658,0,-0.14836332201957703,-0.15940912067890167,0.976000189781189,0,-0.4884852468967438,-0.8463058471679688,-0.21248158812522888,0,-0.11659695208072662,1.1894625425338745,0.20938950777053833,1],[7,-0.08311135321855545,0.015096060000360012,-0.9964258074760437,0,-0.07281481474637985,-0.9973044991493225,-0.009035925380885601,0,-0.9938764572143555,0.07180358469486237,0.0839865505695343,0,0.594133734703064,-0.04198116064071655,-0.15426574647426605,1],[7,-0.9609405398368835,-0.08817983418703079,0.2623313069343567,0,-0.036187268793582916,0.9797785878181458,0.19678513705730438,0,-0.27437910437583923,0.17960576713085175,-0.9446998238563538,0,0.1497115045785904,-0.22007662057876587,1.1269171237945557,1],[7,-1.3113415775478643e-7,0.000001370906602460309,-1,0,-6.123234262925839e-17,-1,-0.000001370906602460309,0,-1,-1.7971148386693864e-13,1.3113417196564114e-7,0,0.09134369343519211,0.011708150617778301,-0.14722611010074615,1],[7,-0.08446148782968521,-0.001283331192098558,-0.9964258074760437,0,0.1216820478439331,-0.992527961730957,-0.009036000818014145,0,-0.9889690279960632,-0.12201034277677536,0.0839865505695343,0,0.33118173480033875,0.022576404735445976,-0.15426574647426605,1],[7,-0.9555724859237671,0.2847658097743988,0.07609110325574875,0,-0.084498830139637,-0.01733788102865219,-0.996272623538971,0,-0.2823852002620697,-0.9584402441978455,0.04062997177243233,0,-0.26986953616142273,1.1491501331329346,-0.020345930010080338,1],[7,-0.9560643434524536,-0.13085609674453735,0.2623312771320343,0,-0.07975338399410248,0.9771974682807922,0.19678513705730438,0,-0.28210005164146423,0.167217418551445,-0.9446998238563538,0,-0.11255444586277008,-0.22530868649482727,1.1269171237945557,1],[7,-0.8880987167358398,0.4392875134944916,0.1353045403957367,0,-0.15891441702842712,-0.0172252357006073,-0.987142026424408,0,-0.4313086271286011,-0.8981812596321106,0.08510681986808777,0,-0.19564135372638702,1.196954369544983,-0.022954318672418594,1],[7,-0.9810604453086853,-0.08715488016605377,0.17298687994480133,0,-0.0918387845158577,0.9955878853797913,-0.01924450509250164,0,-0.17054641246795654,-0.03476692736148834,-0.9847360849380493,0,0.13859407603740692,0.025610454380512238,1.1573190689086914,1]],8,8,8,8,8,8,8,8,8,8,8,8,8,8,8,8,8,8,8,8,8,8,8]]],0,0,[],[],[]],[[[13,"peopleEnemy"],[14,"peopleEnemy",[-3],[[20,-2,[7,"d1PJ43MYpFM5gLe+g3drfA"]]],[0,"1et0yXLFJFNJ4MRMxe3bF1",null,null,null,-1,0]],[18,"body",1,[-12,-13,-14,-15,-16,-17],[[-4,[21,-11,[7,"071NefSu9MFbNy3mKDFenN"],-10,-9,-8,-7,-6,-5]],1,4],[0,"205SitSoRIXoUQq5F1JDjR",null,null,null,1,0]],[5,"Bip001 Spine",[-18,-19,-20],[0,"f6iX1JQdxAp6jq2zCjGwge",null,null,null,1,0],[1,0.128864362835884,-0.0000965264262049459,-0.00000151875235587795],[3,0.008733645083303801,-0.00015628484837643092,0.07014568151476114,0.9974985124717906],[1,1.0095400277996882,-0.08894125391218519,8.044241004259279]],[5,"Bip001 Neck",[-21,-22,-23],[0,"18maMqfSJDmJf/VcIydGlg",null,null,null,1,0],[1,0.212578877806664,0.00962642673403025,2.71201123780429e-8],[3,-1.8475486040987631e-9,-3.858544725525512e-7,0.13917304918278733,0.9902680760183157],[1,0.0000061835145933861395,-0.00004551923387138154,15.999994008450503]],[15,"RootNode",2,[-24,-25],[0,"661oH9Xp1FMq6UjxXFjYNW",null,null,null,1,0]],[19,"Bip001",5,[[[6,"Bip001 Footsteps",-26,[0,"e31iZ5o19D75fMoem2gw9t",null,null,null,1,0],[1,0,0,-0.555011093616486],[3,5.336032718956553e-34,-5.336045116748745e-34,0.7071059467210143,0.7071076156510959],[1,0,8.647400971870837e-32,90]],-27],4,1],[0,"97KxEb4VJMUoerDmwE+Ldg",null,null,null,1,0],[1,0,0.555011749267578,2.65892765582976e-8],[3,-0.5000005960460927,-0.49999940395319675,-0.49999940395319675,0.5000005960460927],[1,-90,-89.99986339621655,0]],[5,"Bip001 R Hand",[-28,-29],[0,"22hGw8jllJfIj+ybwV/uPt",null,null,null,1,0],[1,0.157784879207611,0,0],[3,0.7713712640366001,1.1494327545711382e-8,9.48288137629758e-9,0.6363853966100872],[1,100.95437471278932,-1.0426670758753628e-21,0.000001707547292503187]],[5,"Bip001 L Hand",[-30,-31],[0,"52DqPZsIRC/bRpFCONWIZB",null,null,null,1,0],[1,0.157784879207611,1.90734859017994e-8,0],[3,-0.7713712640366001,-9.48288137629758e-9,-1.1494327545711382e-8,0.6363853966100872],[1,-100.95437471278932,-0.000001707547292503187,1.0426670758753622e-21]],[6,"Bip001 HeadNub Socket",2,[0,"781ZHYZqFAW532aelVzC80",null,null,null,1,0],[1,0.003211764994766034,1.5997817658064433,0.401862081804697],[3,0.6382249427061343,0.304416336754167,0.6382234442574328,0.3044182182871203],[1,179.99969828175617,-89.99972156644235,50.99999310345662]],[6,"Bip001 L Finger0Nub Socket",2,[0,"36xacqdmtFXY1M3NSeLYny",null,null,null,1,0],[1,0.41145445194234265,0.7279267591968974,0.23181610862255203],[3,0.7594861130151507,-0.23617058119188464,0.5899663828972872,0.1390825933311454],[1,150.03442802993456,-78.69242450524747,-11.223019172004669]],[3,"Bip001 R Finger0Nub Socket",2,[0,"8aEJfoY5RD/414El5Gf1zd",null,null,null,1,0],[1,-0.4051735909378546,0.7142683700401393,0.2562354834903474],[3,0.7594849789483021,0.23616967308569126,-0.589968440309727,0.13908160088596555],[1,-1.0000000000000007,1.0000000000000007,1.0000000000000002],[1,150.0345664631924,78.69266567469023,11.222942281467999]],[3,"Bip001 L Toe0Nub Socket",2,[0,"97Wrvd6aRM04orylNi6qoL",null,null,null,1,0],[1,0.14722554935920712,5.669322941104227e-7,0.1106898641736441],[3,8.692152096397203e-7,0.7071077514416388,-2.4348467485473775e-8,0.7071058109295902],[1,-1.0000000000000004,1.0000000000000004,1.0000000000000004],[1,0.00007240400228873301,90.00015723667607,0.00006845835751374776]],[6,"Bip001 R Toe0Nub Socket",2,[0,"b3KHNckKBLr6JbpFZRZGMF",null,null,null,1,0],[1,-0.14722653702355792,5.836942715831128e-7,0.11069158365778617],[3,1.3653935172672254e-9,-0.7071058093294197,-9.218054915080679e-7,0.7071077530417388],[1,-0.00007458174863363331,-89.99984250401636,-0.00007480322544117793]],[16,"Bip001 Pelvis",6,[3],[0,"44GgR2e8tEZaFlFr95yEHQ",null,null,null,1,0],[3,-0.4999999925491744,-0.4999999925491744,-0.4999993070957696,0.5000007078049007],[1,-89.9999197452773,-89.9999197452773,-0.0000017074910412130916]],[1,"Bip001 Spine1",3,[-32],[0,"72Ch3ZvTtFO5OOjrKZXmmu",null,null,null,1,0],[1,0.122477792203426,-0.000117311472422443,-0.00000204287471206044],[3,0.008703324746909994,-0.0007680083334878284,-0.0000053486645510679125,0.9999618304080119],[1,0.9973393780893769,-0.08799861332914427,-0.0013788442858920892]],[1,"Bip001 Spine2",15,[4],[0,"555b6qNtNB9aBDb2ppZkqh",null,null,null,1,0],[1,0.147379070520401,-0.000119180673209485,-0.00000209562472264224],[3,0.00873570513540258,-0.00015921679675165521,0.06974851314783115,0.9975263440227861],[1,1.009709180771276,-0.08888544994828718,7.998615783602494]],[2,"Bip001 Head",4,[[8,"Bip001 HeadNub",-33,[0,"e99+6umz5DxZTzWVonTdGI",null,null,null,1,0],[1,0.453705817461014,7.62939436071974e-8,-2.98023217215615e-10],[1,6.513775017009068e-12,1.3027550325206567e-11,0.0000017075470889476864]]],[0,"14k/khUnNO64eLY79/Ms4f",null,null,null,1,0],[1,0.0858618170022964,-0.040811650454998,-5.57303430070988e-8],[3,-0.022681111519388758,0.013018433033043304,0.06062454743509593,0.9978179953427876],[1,-2.7045015311085674,1.6584073042696874,6.91484103614892]],[1,"Bip001 R Clavicle",4,[-34],[0,"59/uz6sglPWIGrwALYokuK",null,null,null,1,0],[1,-0.0536658465862274,0.0066114803776145,-0.0620000809431076],[3,-0.640553942689399,0.05653833522220025,0.7539117831406024,0.13457743643391898],[1,-164.9370563722865,98.30217067270029,7.497753750255295]],[1,"Bip001 R UpperArm",18,[-35],[0,"a8UCulT2VHvKPv/9GZtBAk",null,null,null,1,0],[1,0.11127582192421,1.90734859017994e-8,-7.62939436071974e-8],[3,0.13574615410572163,-0.4198994726142828,0.015854899178534967,0.8972212863701972],[1,14.942460713184307,-49.515203018867766,-4.907582077143972]],[1,"Bip001 R Forearm",19,[7],[0,"42Qe0vxVZFo7vx8vrrbB3n",null,null,null,1,0],[1,0.272181123495102,4.76837147544984e-9,-1.42108543975646e-16],[3,-4.008138446956855e-18,5.20384259487526e-17,-0.2802529070033214,0.959926199307107],[1,1.4595763557884324e-15,6.638234147622797e-15,-32.55059912666805]],[2,"Bip001 R Finger0",7,[[3,"Bip001 R Finger0Nub",-36,[0,"deCvY7SYlFM6QENgjYtGMO",null,null,null,1,0],[1,0.0363800786435604,0,5.32907039908674e-17],[3,-3.72529029846191e-9,2.60208521396521e-17,1,-6.12323426292584e-17],[1,-1,-1,-1],[1,-180,179.99999957311317,-7.016709615818961e-15]]],[0,"adWPUyr5dGgYEDybw/Fxug",null,null,null,1,0],[1,0.0494820587337017,-0.00755889853462577,0.0630084201693535],[3,-0.29610421652564844,-0.389288924183099,-0.09212143532204647,0.867346567191168],[1,-35.93334851343224,-47.02782539721863,4.056362939348276]],[2,"Bip001 R Finger1",7,[[3,"Bip001 R Finger1Nub",-37,[0,"43w9JYZ1pBMI/JL/FHIXop",null,null,null,1,0],[1,0.0418459698557854,-3.81469718035987e-8,3.81469718035987e-8],[3,2.77555756156289e-17,-7.45058059692383e-9,1,-6.12323426292584e-17],[1,-1,-1,-1],[1,179.99999914622634,-180,-7.016709628407981e-15]]],[0,"d5C08b9MREIoYMkpJPnNCi",null,null,null,1,0],[1,0.118127800524235,7.10542719878232e-17,7.10542719878232e-17],[3,0.00039815162689992023,-2.7763860110870045e-17,-2.0805628515385606e-17,0.9999999207376378],[1,0.04562481686070929,-3.180554509549813e-15,-2.385415940123387e-15]],[1,"Bip001 L Clavicle",4,[-38],[0,"3an8OgDQZGw6CRI5Ec2yXg",null,null,null,1,0],[1,-0.0536658465862274,0.00661109900102019,0.0620001219213009],[3,0.668978050143793,-0.09429130910317578,0.7300611894745015,0.10289886819831574],[1,164.01230341310946,-94.80614355719264,1.3802345788509272]],[1,"Bip001 L UpperArm",23,[-39],[0,"7eyofpn2lNsrg3HOyMxHO5",null,null,null,1,0],[1,0.111275859177113,0,-7.62939436071974e-8],[3,-0.08352427966076119,0.4608852585394014,-0.05864162768673169,0.8815722503972495],[1,-5.437838098324208,54.706190609433534,-10.392120627878956]],[1,"Bip001 L Forearm",24,[8],[0,"d318OmtDtORK/jZ7emiJDs",null,null,null,1,0],[1,0.272181123495102,-9.53674295089968e-9,-1.42108543975646e-16],[3,6.919090351022439e-19,3.15782919270944e-17,-0.2802529070033214,0.959926199307107],[1,1.2934071447407118e-15,4.14728425834733e-15,-32.55059912666805]],[2,"Bip001 L Finger0",8,[[8,"Bip001 L Finger0Nub",-40,[0,"ebKR71+UhHY6Nwc9TFowpb",null,null,null,1,0],[1,0.0363800898194313,1.42108543975646e-16,-3.81469718035987e-8],[1,-0.0000017075472893226383,-4.268868104035778e-7,8.537736526127034e-7]]],[0,"e2/x5F+clOWaML6jENOuoG",null,null,null,1,0],[1,0.0494821146130562,-0.00755893671885133,-0.0630084574222565],[3,0.29610421792862834,0.38928889622527857,-0.09212151026433456,0.8673465713007679],[1,35.93335220083386,47.02782470236962,4.056354540315111]],[2,"Bip001 L Finger1",8,[[9,"Bip001 L Finger1Nub",-41,[0,"97d+EL+uxMW5Cy6xF61m1q",null,null,null,1,0],[1,0.0418460257351398,7.62939436071974e-8,-3.81469718035987e-8]]],[0,"dbRZK/Lp9CUJQo8XrEy6dp",null,null,null,1,0],[1,0.118127822875977,3.81469718035987e-8,3.81469718035987e-8],[3,-0.0003981590774791896,-1.4895223428261696e-8,-1.4907088603537118e-8,0.999999920734671],[1,-0.045625670634296525,-0.0000017075468852889675,-0.0000017075467836771473]],[1,"Bip001 L Thigh",3,[-42],[0,"fewEWJCHFGwLsCdJ4OCBZl",null,null,null,1,0],[1,-0.127423480153084,0.0199340488761663,0.103567786514759],[3,0.26810976769390965,0.9622102942283536,-0.019235284931920407,-0.04357184827031071],[1,0.914296916126987,-175.0695372904239,31.173557136157207]],[1,"Bip001 L Calf",28,[-43],[0,"de3Ead1URLSqvGZds91KCj",null,null,null,1,0],[1,0.264848709106445,-1.90734859017994e-8,9.53674295089968e-9],[3,-1.3354301751249077e-18,1.3545277077419948e-17,-0.42293566963148843,0.9061597096281454],[1,8.06228903130876e-16,2.089209395043312e-15,-50.0401356324986]],[1,"Bip001 L Foot",29,[-44],[0,"c0hngaJulHwYsOWKXL1w+K",null,null,null,1,0],[1,0.254705280065536,1.43051144263495e-8,1.77635679969558e-17],[3,0.006236056622193572,-0.04598385339073205,0.23312341512647589,0.9713393177180223],[1,2.1561485222884262,-5.936348218404575,26.892011286362813]],[2,"Bip001 L Toe0",30,[[3,"Bip001 L Toe0Nub",-45,[0,"925glNKA9ANosTzCxKQXoR",null,null,null,1,0],[1,0.0112636275589466,0,1.77635679969558e-17],[3,-1.08024449574275e-13,3.55271410231697e-15,1,7.16665936935802e-15],[1,-1,-1,-1],[1,-179.9999999999996,179.99999999998764,8.212386701441615e-13]]],[0,"fckgwccvZJJZGcks58hJjt",null,null,null,1,0],[1,0.0863545760512352,0.111134469509125,-9.53674295089968e-9],[3,1.109856190404638e-7,7.010414271384816e-7,0.7071071388141535,0.7071064235584044],[1,0,0.000017985998559211455,90]],[1,"Bip001 R Thigh",3,[-46],[0,"6cBB7UgzNPbZoAGF3vSIEk",null,null,null,1,0],[1,-0.127742007374763,0.0163245666772127,-0.103803545236588],[3,0.26734041861100966,0.9624650367995958,0.002074918685901985,0.0467530558112469],[1,1.4038783767771938,174.04878744327527,30.984463860772802]],[1,"Bip001 R Calf",32,[-47],[0,"65rD26h6VGHqUZDhQ4TkqX",null,null,null,1,0],[1,0.264848709106445,0,0],[3,-3.3272939711243874e-18,1.0743635038274849e-18,-0.42293424372511035,0.906160375145961],[1,-4.568788877045785e-16,-7.737784602378704e-17,-50.039955314643855]],[1,"Bip001 R Foot",33,[-48],[0,"18lvDWwwBHtooIsxWHw2Ty",null,null,null,1,0],[1,0.254705280065536,4.76837147544984e-9,0],[3,-0.006235228501621293,0.045982626189771295,0.23312150375040272,0.9713398398621234],[1,-2.1559932865251312,5.9361594126716835,26.89179425585347]],[2,"Bip001 R Toe0",34,[[9,"Bip001 R Toe0Nub",-49,[0,"42I0rKEDNHsLgisY/Zrby2",null,null,null,1,0],[1,0.0112636275589466,3.63797872577655e-14,1.77635679969558e-17]]],[0,"735l/BtWtMB47EzMs1Egvn",null,null,null,1,0],[1,0.0863545760512352,0.111134462058544,-9.53674295089968e-9],[3,1.109856190404638e-7,7.010414271384816e-7,0.7071071388141535,0.7071064235584044],[1,0,0.000017985998559211455,90]],[17,"man01",5,[[22,1,-50,[7,"e2awhUPpJDPaaeNv0lK/4+"],[0],[23],2,1,2]],[0,"57VBwr4/VN47l4996Ppeiu",null,null,null,1,0],[3,-0.7071067811865447,-6.18172403853676e-8,6.18172403853676e-8,0.7071067811865447],[1,-89.99999999999999,0,0.000010017912624975451]],[24,2,[7,"abcIVuTCNO7oeBuQO6j4WM"],[3,4,5,6,7,8,9,10,11,12,13,14,15,16,17,18,19],[[4,"RootNode/Bip001/Bip001 Pelvis/Bip001 Spine/Bip001 Spine1/Bip001 Spine2/Bip001 Neck/Bip001 Head/Bip001 HeadNub",9],[4,"RootNode/Bip001/Bip001 Pelvis/Bip001 Spine/Bip001 Spine1/Bip001 Spine2/Bip001 Neck/Bip001 L Clavicle/Bip001 L UpperArm/Bip001 L Forearm/Bip001 L Hand/Bip001 L Finger0/Bip001 L Finger0Nub",10],[4,"RootNode/Bip001/Bip001 Pelvis/Bip001 Spine/Bip001 Spine1/Bip001 Spine2/Bip001 Neck/Bip001 R Clavicle/Bip001 R UpperArm/Bip001 R Forearm/Bip001 R Hand/Bip001 R Finger0/Bip001 R Finger0Nub",11],[4,"RootNode/Bip001/Bip001 Pelvis/Bip001 Spine/Bip001 L Thigh/Bip001 L Calf/Bip001 L Foot/Bip001 L Toe0/Bip001 L Toe0Nub",12],[4,"RootNode/Bip001/Bip001 Pelvis/Bip001 Spine/Bip001 R Thigh/Bip001 R Calf/Bip001 R Foot/Bip001 R Toe0/Bip001 R Toe0Nub",13]]]],0,[0,3,1,0,1,1,0,-1,2,0,-1,37,0,4,13,0,5,12,0,6,11,0,7,10,0,8,9,0,9,37,0,1,2,0,-1,5,0,-2,9,0,-3,10,0,-4,11,0,-5,12,0,-6,13,0,-1,15,0,-2,28,0,-3,32,0,-1,17,0,-2,18,0,-3,23,0,-1,6,0,-2,36,0,0,6,0,-2,14,0,-1,21,0,-2,22,0,-1,26,0,-2,27,0,-1,16,0,0,17,0,-1,19,0,-1,20,0,0,21,0,0,22,0,-1,24,0,-1,25,0,0,26,0,0,27,0,-1,29,0,-1,30,0,-1,31,0,0,31,0,-1,33,0,-1,34,0,-1,35,0,0,35,0,1,36,0,10,1,3,0,14,4,0,16,7,0,20,8,0,25,50],[0,0,0,0,0,0,0,0,0,0,0,0,0,0,0,0,0,0,0,0,37],[-1,11,12,-1,-2,-3,-4,-5,-6,-7,-8,-9,-10,-11,-12,-13,-14,-15,-16,-17,13],[2,3,4,0,5,6,7,8,9,10,11,12,13,14,15,16,17,18,19,20,0]]]]
