[1,["70gTX1TjxDvInB9NeTiY8J@90b4f","eaXmeHkvVAPYefHKGwNF31","70gTX1TjxDvInB9NeTiY8J@0eb9c","70gTX1TjxDvInB9NeTiY8J@438fe","70gTX1TjxDvInB9NeTiY8J@e3f2f","70gTX1TjxDvInB9NeTiY8J@78fa6","70gTX1TjxDvInB9NeTiY8J@2871d","70gTX1TjxDvInB9NeTiY8J@fd7ed","70gTX1TjxDvInB9NeTiY8J@4249f","70gTX1TjxDvInB9NeTiY8J@3c60f","70gTX1TjxDvInB9NeTiY8J@d863a","1brw/JvvpFnIvdrxpFCgMZ"],["_parent","node","root","ndSocketHead","ndSocketHand","aniCom","data","_mesh","_skeleton","_defaultClip","_effectAsset"],[["cc.Node",["_name","_prefab","_parent","_lpos","_euler","_children","_lrot","_components","_lscale"],2,4,1,5,5,2,5,12,5],["cc.Node",["_name","_parent","_prefab","_lrot","_euler","_children","_lpos","_components"],2,1,4,5,5,12,5,9],["cc.Prefab",["_name"],2],["cc.Node",["_name","_parent","_children","_prefab","_lpos","_lrot","_euler"],2,1,9,4,5,5,5],["523b8ZuIANDiLAYRM0CX+Qy",["node","__prefab","aniCom","ndSocketHand","ndSocketHead"],3,1,4,1,1,1],["cc.CompPrefabInfo",["fileId"],2],["cc.PrefabInfo",["fileId","instance","targetOverrides","nestedPrefabInstanceRoots","root","asset"],-1,1,1],["cc.SkinnedMeshRenderer",["_shadowCastingMode","node","__prefab","_materials","bakeSettings","_skinningRoot","_mesh","_skeleton"],2,1,4,3,4,1,6,6],["cc.ModelBakeSettings",[],3],["cc.SkeletalAnimation",["node","__prefab","_clips","_sockets"],3,1,4,3,9],["cc.SkeletalAnimation.Socket",["path","target"],2,1],["cc.Mesh",["_native","_hash","_struct"],1,11],["cc.Skeleton",["_name","_hash","_joints","_bindposes"],0,12],["cc.Material",["_name","_states","_defines","_props"],0,12]],[[6,0,1,2,3,4,5,5],[0,0,2,5,1,3,6,4,2],[3,0,1,2,3,4,5,6,2],[0,0,5,1,3,6,4,2],[0,0,2,1,3,6,4,2],[0,0,2,1,3,6,8,4,2],[5,0,2],[0,0,2,1,3,2],[0,0,2,1,3,4,2],[10,0,1,2],[2,0,2],[0,0,5,7,1,2],[0,0,2,5,1,2],[0,0,2,5,1,6,4,2],[1,0,1,5,2,6,3,4,2],[1,0,1,7,2,3,4,2],[4,0,1,2,3,4,1],[7,0,1,2,3,4,5,6,7,2],[8,1],[9,0,1,2,3,1],[11,0,1,2,3],[12,0,1,2,3,4],[13,0,1,2,3,4]],[[[[10,"peopleBoss"],[11,"peopleBoss",[-7,-8,-9],[[-2,[16,-6,[6,"9cuZgXHNVLv7Rmf7cE9z7c"],-5,-4,-3]],1,4],[0,"15AJLv5qVDOqFM/btDovLy",null,null,null,-1,0]],[3,"Bip001 Spine",[-10,-11,-12],[0,"b2+r/hiWlIfahN/CZMM1dA",null,null,null,1,0],[1,0.128870233893394,-0.0000954274146351963,0.0000042827996367123],[3,-0.018669714775441777,-0.024535286677801943,0.10154206101377475,0.9943533935693669],[1,-1.8812663998430834,-2.6340966275110094,11.703874901583827]],[3,"Bip001 Neck",[-13,-14,-15],[0,"83GCIN4t1JDIicvK23tWcv",null,null,null,1,0],[1,0.212578654289246,0.0096264835447073,5.72204577053981e-8],[3,1.910333441712393e-8,-4.036005319366872e-7,0.13917307840786358,0.9902680719109929],[1,0.000008951175658977611,-0.000047961737026001865,15.999997390308431]],[12,"RootNode",1,[-16,-17],[0,"361HXOZA9KT6AbYj4Vdxum",null,null,null,1,0]],[14,"Bip001",4,[[[4,"Bip001 Footsteps",-18,[0,"f1L9WPvP9CsrTSbsmIQbvf",null,null,null,1,0],[1,0,0,-0.525043427944183],[3,2.906393868029351e-34,-2.9063991485702487e-34,0.7071061553375162,0.7071074070350248],[1,0,4.7100087082678745e-32,90]],-19],4,1],[0,"d5/Bi0ftNEdJzMSx4TujIh",null,null,null,1,0],[1,0,0.525044560432434,2.62260435590633e-8],[3,-0.5000004321335005,-0.4999995678661258,-0.4999995678661258,0.5000004321335005],[1,-89.99999999999999,-89.9999009622541,0]],[3,"Bip001 R Hand",[-20,-21],[0,"4a1D+cCllEG6VRj11XN2XH",null,null,null,1,0],[1,0.157784894108772,7.10542719878232e-17,-1.42108543975646e-16],[3,0.7713712881756679,-7.869816690374253e-17,8.162280617074224e-18,0.6363853673507983],[1,100.95437905942187,-6.460501444583549e-15,-6.361109271417502e-15]],[3,"Bip001 L Hand",[-22,-23],[0,"d0fY4tlapA5Ll8SAXEZQuO",null,null,null,1,0],[1,0.15778486430645,-7.62939436071974e-8,0],[3,-0.7713712881756679,1.14943279054115e-8,-9.482881828478601e-9,0.6363853673507983],[1,-100.95437905942188,-7.850843511859876e-14,-0.0000017075473572730535]],[4,"Bip001 HeadNub Socket",1,[0,"32D95FTgpJpZE3xfXVNthf",null,null,null,1,0],[1,0.04484316553756999,1.5881776979256443,0.41301241350917506],[3,0.6092642489740063,0.35888278455532113,0.6092634106697442,0.3588848259414568],[1,179.99963491294974,-89.99970611233223,60.99999757084184]],[4,"Bip001 R Hand Socket",1,[0,"admtITmSBJ2YgKXvAVIOZl",null,null,null,1,0],[1,-0.3479741342681265,0.7982737037680576,0.2677122129072044],[3,0.3877274247613192,0.27510869137981414,0.7699965709781641,-0.42554427818631396],[1,-122.84061582345953,-112.07796634243715,-26.231616348310208]],[13,"Bip001 Pelvis",5,[2],[0,"a1sTe1votCY7TzjGmfS04F",null,null,null,1,0],[3,-0.4999999925491744,-0.4999999925491744,-0.4999993070957696,0.5000007078049007],[1,-89.9999197452773,-89.9999197452773,-0.0000017074910412130916]],[1,"Bip001 Spine1",2,[-24],[0,"11rL+jizpCyLAK2whu4dWO",null,null,null,1,0],[1,0.122483365237713,-0.000117111201689113,0.00000535488106834237],[3,-0.022172404854551866,-0.02996568436034096,0.023572653958770784,0.9990269126550705],[1,-2.4609972700009135,-3.3764938606202386,2.775820304383353]],[1,"Bip001 Spine2",11,[3],[0,"4efh9bPB5E+rW2N+6MnrS/",null,null,null,1,0],[1,0.147386476397514,-0.000112495421490166,0.000035371780541027],[3,-0.1482916888905929,-0.010910993203022707,0.10346189659782341,0.9834562324708103],[1,-17.206084996497722,0.5401801127975967,11.931171804998238]],[2,"Bip001 Head",3,[[7,"Bip001 HeadNub",-25,[0,"85o+U/1wxD+4xNToFl57qK",null,null,null,1,0],[1,0.453705966472626,-3.81469718035987e-8,-1.77635679969558e-17]]],[0,"32Gu5BbcFNEb/zmp1hKL5C",null,null,null,1,0],[1,0.0858617350459099,-0.040811650454998,-5.72204577053981e-8],[3,0.20528218446424681,0.0021624618987670036,-0.10791625983307492,0.972732557984857],[1,24.133926829144237,2.843599201166999,-12.067241609110642]],[1,"Bip001 R Clavicle",3,[-26],[0,"14+H0235JIyLdcqvTQii6e",null,null,null,1,0],[1,-0.0536657720804214,0.00661140447482467,-0.0620001032948494],[3,-0.6405538874748842,0.056538499522466104,0.7539117883076467,0.13457760126903695],[1,-164.93702966934583,98.30217380347455,7.497756390683079]],[1,"Bip001 R UpperArm",14,[-27],[0,"45BSAxxF1JrqCXQollqYcU",null,null,null,1,0],[1,0.111275851726532,0,0],[3,0.15257276355228755,-0.39227970819046226,-0.336084002943185,0.8425471650475769],[1,-0.5180519662187845,-50.137953001221746,-43.31710937249008]],[1,"Bip001 R Forearm",15,[6],[0,"62LwxsethKOKiCDWbhbop2",null,null,null,1,0],[1,0.272181153297424,1.90734859017994e-8,-7.62939436071974e-8],[3,-5.0165427828137375e-17,3.2222864281986253e-17,-0.371573126197287,0.9284036901520668],[1,-5.4774422834444015e-15,1.784997107524679e-15,-43.625337614314226]],[2,"Bip001 R Finger0",6,[[5,"Bip001 R Finger0Nub",-28,[0,"b74nGCbqZPMYfDl8S1IosJ",null,null,null,1,0],[1,0.0363801196217537,0,1.90734859017994e-8],[3,1.4901159417490797e-8,1.4901159417490797e-8,0.9999999999999998,1.4901159417490797e-8],[1,-1,-1,-1],[1,-179.99999829245294,-179.99999829245294,0.0000017075471143921171]]],[0,"26lms8UD1F5ZvbRVjKX6Sy",null,null,null,1,0],[1,0.0494820773601532,-0.00755889853462577,0.0630083456635475],[3,-0.4658413254445616,-0.14904844834717423,0.4220280370157355,0.7633274235385488],[1,-70.28488207289597,15.449846515541685,51.55054330788319]],[2,"Bip001 R Finger1",6,[[5,"Bip001 R Finger1Nub",-29,[0,"c0/u0TFvZHf4SwYfZlcqEj",null,null,null,1,0],[1,0.0418460071086884,7.10542719878232e-17,-3.81469718035987e-8],[3,2.9802322387695286e-8,1.3877787807814494e-16,0.9999999999999996,-3.7252902984619083e-9],[1,-1,-1,-1],[1,-179.99999999999997,-179.9999965849054,-4.268868231257956e-7]]],[0,"6bxa5uG3tKm5PBMAkXaZoy",null,null,null,1,0],[1,0.118127785623074,0,0],[3,0.0003394984783660634,-0.00020801801101868997,0.522498543237786,0.8526400845513199],[1,0.10049912075163782,-0.0895427332395394,62.999967027305004]],[1,"Bip001 L Clavicle",3,[-30],[0,"e7mlGqa6BCjJ0Bi+fZ06/Z",null,null,null,1,0],[1,-0.0536657720804214,0.00661109900102019,0.0620001032948494],[3,0.6689781536403696,-0.09429078534785491,0.7300612319317358,0.10289837404314545],[1,164.0123866885584,-94.80613932297013,1.380232770909092]],[1,"Bip001 L UpperArm",19,[-31],[0,"595oiB2IFF45rfs7Y4Z0/e",null,null,null,1,0],[1,0.111275881528854,-1.90734859017994e-8,-7.62939436071974e-8],[3,-0.08472225870550283,0.26778990205689357,-0.032954946376169275,0.9591791692616876],[1,-8.380106600955239,30.740853689170105,-6.234325599869745]],[1,"Bip001 L Forearm",20,[7],[0,"7fl5czQxtBvq0xSY4IwBDO",null,null,null,1,0],[1,0.272181153297424,9.53674295089968e-9,7.62939436071974e-8],[3,8.166318201195703e-18,-6.890671868556584e-17,-0.5016790590125311,0.8650538259254748],[1,-6.346320000976056e-15,-1.28083869879248e-14,-60.22229592534195]],[2,"Bip001 L Finger0",7,[[8,"Bip001 L Finger0Nub",-32,[0,"14g64dLsxNlqDo212LcJQ7",null,null,null,1,0],[1,0.0363800786435604,-3.81469718035987e-8,-1.90734859017994e-8],[1,8.537737734737816e-7,-0.0000017075473052254134,0.0000017075472797809718]]],[0,"a4GAC/0cRJ/bojIKe11HY0",null,null,null,1,0],[1,0.0494820959866047,-0.00755889853462577,-0.0630083829164505],[3,0.4658413101088577,0.14904844344043297,0.42202799332006247,0.7633274580141135],[1,70.28487400024828,-15.44983962052823,51.550539000089465]],[2,"Bip001 L Finger1",7,[[8,"Bip001 L Finger1Nub",-33,[0,"2ad/DYH3tNQpNsQjqoZHgF",null,null,null,1,0],[1,0.0418459326028824,1.90734859017994e-8,-3.81469718035987e-8],[1,1.0177777407253973e-13,0.000003415094992117377,-0.000001707547496058685]]],[0,"51O6WdxAZED7mXWrTvkxAU",null,null,null,1,0],[1,0.118127837777138,0,-3.81469718035987e-8],[3,-0.00031799332368698583,0.0002396313445915504,0.6018148883544661,0.7986355123659141],[1,-0.16553375421551006,0.159121801790111,73.99992414555469]],[1,"Bip001 L Thigh",2,[-34],[0,"0czPboDXtPWoW7rUOSnjdl",null,null,null,1,0],[1,-0.121371760964394,0.0216324236243963,0.110279805958271],[3,0.47240082242738474,0.8778971584773048,-0.011658040076026338,-0.07744760944658056],[1,-5.440173053416961,-167.00892137414448,56.226786535027806]],[1,"Bip001 L Calf",24,[-35],[0,"33Q+3jsVJCZos1TfS+nZp/",null,null,null,1,0],[1,0.26484876871109,0,-9.53674295089968e-9],[3,-5.395932651677745e-19,-7.289379208872238e-18,-0.4240102640229924,0.9056573833427034],[1,-6.404686220179437e-16,-1.2221692416535067e-15,-50.17606484155836]],[1,"Bip001 L Foot",25,[-36],[0,"0aNo+zty9LfrS+AJ7OZmEK",null,null,null,1,0],[1,0.254705220460892,-1.77635679969558e-17,9.53674295089968e-9],[3,-0.0026887383038160092,-0.05146468094947202,0.044935293816256744,0.997659749950227],[1,-0.04255591927597769,-5.904099239697595,5.159983800121936]],[2,"Bip001 L Toe0",26,[[5,"Bip001 L Toe0Nub",-37,[0,"5avAzQLnFICImJjnUu2Czf",null,null,null,1,0],[1,0.0112636368721724,4.33680859300679e-21,1.77635679969558e-17],[3,5.66220984690529e-15,3.5527136788005e-15,1,7.16665936935802e-15],[1,-1,-1,-1],[1,-179.9999999999996,-179.99999999999937,8.212386701442078e-13]]],[0,"04KZ0lYdlNbLVGZH+Btxus",null,null,null,1,0],[1,0.0863545909523964,0.111134469509125,0],[3,0.000001270022743389772,5.535265567371228e-7,0.7071070196044122,0.707106542767245],[1,0,0.00020581606499357318,90]],[1,"Bip001 R Thigh",2,[-38],[0,"1bmLI+2mJIEbNohagmodf4",null,null,null,1,0],[1,-0.130705073475838,0.0303660966455936,-0.0967289209365845],[3,-0.07731851892069298,0.996591622014448,0.012947729716181512,0.025677652885703072],[1,-1.7268579959627122,176.9148594359641,-8.826624900489808]],[1,"Bip001 R Calf",28,[-39],[0,"38p7baj9dLlpwyoLWkO+9g",null,null,null,1,0],[1,0.26484876871109,0,9.53674295089968e-9],[3,1.5456829993581698e-18,1.1177674845692026e-17,-0.1749492251930474,0.9845774568840953],[1,4.2446038592635515e-16,1.3763530670171308e-15,-20.151406684630526]],[1,"Bip001 R Foot",29,[-40],[0,"5e6/RnukFH15TkLBJmgRzL",null,null,null,1,0],[1,0.254705220460892,-3.81469718035987e-8,-1.77635679969558e-17],[3,-0.013205075563869175,0.04561751310766556,0.3480429630208293,0.9362749405857801],[1,-4.264862923232807,7.156205872684335,40.58104873761806]],[2,"Bip001 R Toe0",30,[[7,"Bip001 R Toe0Nub",-41,[0,"61B+hVqVlDhIliSLG9ZWE5",null,null,null,1,0],[1,0.0112636275589466,2.32830638449699e-12,9.53674295089968e-9]]],[0,"a3mYVX/FFHlJQZqnQ72aSp",null,null,null,1,0],[1,0.0863545760512352,0.111134491860867,1.77635679969558e-17],[3,0.000001270022743389772,5.535265567371228e-7,0.7071070196044122,0.707106542767245],[1,0,0.00020581606499357318,90]],[15,"boss",4,[[17,1,-42,[6,"2dpo7afltKb6GqxyfptRUe"],[0],[18],1,1,2]],[0,"beKF/MOktNNpAbppP/P3Rx",null,null,null,1,0],[3,-0.7071067811865447,-6.18172403853676e-8,6.18172403853676e-8,0.7071067811865447],[1,-89.99999999999999,0,0.000010017912624975451]],[19,1,[6,"ebwqzFPSxMsZ36gOrEzqK7"],[3,4,5,6,7,8,9,10],[[9,"RootNode/Bip001/Bip001 Pelvis/Bip001 Spine/Bip001 Spine1/Bip001 Spine2/Bip001 Neck/Bip001 Head/Bip001 HeadNub",8],[9,"RootNode/Bip001/Bip001 Pelvis/Bip001 Spine/Bip001 Spine1/Bip001 Spine2/Bip001 Neck/Bip001 R Clavicle/Bip001 R UpperArm/Bip001 R Forearm/Bip001 R Hand",9]]]],0,[0,2,1,0,-1,33,0,3,8,0,4,9,0,5,33,0,1,1,0,-1,4,0,-2,8,0,-3,9,0,-1,11,0,-2,24,0,-3,28,0,-1,13,0,-2,14,0,-3,19,0,-1,5,0,-2,32,0,0,5,0,-2,10,0,-1,17,0,-2,18,0,-1,22,0,-2,23,0,-1,12,0,0,13,0,-1,15,0,-1,16,0,0,17,0,0,18,0,-1,20,0,-1,21,0,0,22,0,0,23,0,-1,25,0,-1,26,0,-1,27,0,0,27,0,-1,29,0,-1,30,0,-1,31,0,0,31,0,1,32,0,6,1,2,0,10,3,0,12,6,0,16,7,0,21,42],[0,0,0,0,0,0,0,0,0,0,0,33],[-1,7,8,-1,-2,-3,-4,-5,-6,-7,-8,9],[1,2,3,0,4,5,6,7,8,9,10,0]],[[[20,".bin",1417605728,[{"primitives":[{"primitiveMode":7,"jointMapIndex":0,"vertexBundelIndices":[0],"indexView":{"offset":39840,"length":9936,"count":4968,"stride":2}}],"vertexBundles":[{"view":{"offset":0,"length":39840,"count":830,"stride":48},"attributes":[{"name":"a_position","format":32,"isNormalized":false},{"name":"a_normal","format":32,"isNormalized":false},{"name":"a_joints","format":42,"isNormalized":false},{"name":"a_weights","format":44,"isNormalized":false}]}],"jointMaps":[[0,1,2,3,4,5,7,8,9,10,11,12,13,14,15,16,17,18,19,20,21,22]]},"minPosition",8,[1,-0.768776535987854,-0.2529343366622925,0.00023487399448640645],"maxPosition",8,[1,0.7687743306159973,0.15839898586273193,1.7426835298538208]]],-1],0,0,[],[],[]],[[[21,"Skin-0",812003988,["RootNode/Bip001/Bip001 Pelvis/Bip001 Spine","RootNode/Bip001/Bip001 Pelvis/Bip001 Spine/Bip001 Spine1","RootNode/Bip001/Bip001 Pelvis","RootNode/Bip001/Bip001 Pelvis/Bip001 Spine/Bip001 L Thigh","RootNode/Bip001/Bip001 Pelvis/Bip001 Spine/Bip001 Spine1/Bip001 Spine2","RootNode/Bip001/Bip001 Pelvis/Bip001 Spine/Bip001 Spine1/Bip001 Spine2/Bip001 Neck/Bip001 L Clavicle/Bip001 L UpperArm","RootNode/Bip001/Bip001 Pelvis/Bip001 Spine/Bip001 Spine1/Bip001 Spine2/Bip001 Neck/Bip001 L Clavicle","RootNode/Bip001/Bip001 Pelvis/Bip001 Spine/Bip001 Spine1/Bip001 Spine2/Bip001 Neck","RootNode/Bip001/Bip001 Pelvis/Bip001 Spine/Bip001 Spine1/Bip001 Spine2/Bip001 Neck/Bip001 Head","RootNode/Bip001/Bip001 Pelvis/Bip001 Spine/Bip001 L Thigh/Bip001 L Calf/Bip001 L Foot","RootNode/Bip001/Bip001 Pelvis/Bip001 Spine/Bip001 L Thigh/Bip001 L Calf","RootNode/Bip001","RootNode/Bip001/Bip001 Pelvis/Bip001 Spine/Bip001 Spine1/Bip001 Spine2/Bip001 Neck/Bip001 L Clavicle/Bip001 L UpperArm/Bip001 L Forearm/Bip001 L Hand","RootNode/Bip001/Bip001 Pelvis/Bip001 Spine/Bip001 Spine1/Bip001 Spine2/Bip001 Neck/Bip001 L Clavicle/Bip001 L UpperArm/Bip001 L Forearm","RootNode/Bip001/Bip001 Pelvis/Bip001 Spine/Bip001 Spine1/Bip001 Spine2/Bip001 Neck/Bip001 L Clavicle/Bip001 L UpperArm/Bip001 L Forearm/Bip001 L Hand/Bip001 L Finger1","RootNode/Bip001/Bip001 Pelvis/Bip001 Spine/Bip001 R Thigh","RootNode/Bip001/Bip001 Pelvis/Bip001 Spine/Bip001 Spine1/Bip001 Spine2/Bip001 Neck/Bip001 R Clavicle/Bip001 R UpperArm","RootNode/Bip001/Bip001 Pelvis/Bip001 Spine/Bip001 R Thigh/Bip001 R Calf/Bip001 R Foot","RootNode/Bip001/Bip001 Pelvis/Bip001 Spine/Bip001 R Thigh/Bip001 R Calf","RootNode/Bip001/Bip001 Pelvis/Bip001 Spine/Bip001 Spine1/Bip001 Spine2/Bip001 Neck/Bip001 R Clavicle/Bip001 R UpperArm/Bip001 R Forearm/Bip001 R Hand","RootNode/Bip001/Bip001 Pelvis/Bip001 Spine/Bip001 Spine1/Bip001 Spine2/Bip001 Neck/Bip001 R Clavicle/Bip001 R UpperArm/Bip001 R Forearm","RootNode/Bip001/Bip001 Pelvis/Bip001 Spine/Bip001 Spine1/Bip001 Spine2/Bip001 Neck/Bip001 R Clavicle/Bip001 R UpperArm/Bip001 R Forearm/Bip001 R Hand/Bip001 R Finger1","RootNode/Bip001/Bip001 Pelvis/Bip001 Spine/Bip001 Spine1/Bip001 Spine2/Bip001 Neck/Bip001 R Clavicle"],[[[7,1.7531381502067234e-7,-0.0000019225622054364067,1,0,-0.0007962880772538483,-0.9999997019767761,-0.0000019224221432523336,0,0.9999995827674866,-0.0007962880772538483,-1.7684467934486747e-7,0,-0.7353165745735168,0.0006829914054833353,1.7403719576591925e-9,1],[7,3.414480715946411e-7,-0.000002460347332089441,1,0,0.03410381078720093,-0.999418318271637,-0.000002470560957590351,0,0.9994182586669922,0.03410381078720093,-2.5734226483109524e-7,0,-0.8572958111763,-0.029136793687939644,7.111619737543151e-8,1],[7,0.000001561645603942452,0.0000027577068522077752,1,0,6.123234262925839e-17,-1,0.0000027577068522077752,0,1,-4.30650003505062e-12,-0.0000015616457176292897,0,-0.6064661741256714,-2.6586960188978992e-8,8.410474947595503e-7,1],[7,0.08367626368999481,-0.015134245157241821,-0.9963780641555786,0,-0.07330974191427231,-0.9972687363624573,0.008991187438368797,0,-0.993792712688446,0.07229187339544296,-0.08455720543861389,0,0.5940243005752563,-0.04227304458618164,0.15460707247257233,1],[7,6.035348292243725e-7,-0.0000036015112527820747,1,0,0.03410392999649048,-0.999418318271637,-0.0000036199992337060394,0,0.9994182586669922,0.03410392999649048,-4.803580964107823e-7,0,-1.0046582221984863,-0.029016554355621338,3.015074128143169e-7,1],[7,0.959538996219635,0.08967259526252747,0.26691535115242004,0,-0.06552186608314514,0.9930203557014465,-0.09806827455759048,0,-0.27384644746780396,0.07661154866218567,0.9587171673774719,0,0.15089398622512817,-0.11304756253957748,-1.1520662307739258,1],[7,0.9961946606636047,8.085143576863629e-7,0.08715640753507614,0,-0.0030425447039306164,0.9993908405303955,0.03476690128445625,0,-0.08710329979658127,-0.03489978238940239,0.9955877661705017,0,0.03966844454407692,0.031132616102695465,-1.1647783517837524,1],[7,4.2277659417777613e-7,-0.000004169643943896517,1,0,-0.2426939457654953,-0.9701029658317566,-0.000003942378498322796,0,0.9701029062271118,-0.2426939755678177,-0.000001422084096702747,0,-1.1807348728179932,0.2983696758747101,0.0000014225952327251434,1],[7,0.000001112628638111346,-0.000006942255367903272,1,0,-0.1564331352710724,-0.9876884818077087,-0.000006682734237983823,0,0.987688422203064,-0.15643315017223358,-0.000002184929599025054,0,-1.291519284248352,0.22647002339363098,0.0000025375213681400055,1],[7,-1.5895228955287166e-7,0.000001370906602460309,-1,0,-6.123234262925839e-17,-1,-0.000001370906602460309,0,-1,-2.1784753634259552e-13,1.5895228955287166e-7,0,0.09136275947093964,0.011451509781181812,0.14751897752285004,1],[7,0.08502310514450073,0.0013552851742133498,-0.9963780641555786,0,0.12118957191705704,-0.9925886988639832,0.008991237729787827,0,-0.9889813661575317,-0.12151508778333664,-0.08455720543861389,0,0.3311309218406677,0.022268859669566154,0.15460707247257233,1],[7,0.000001370906943520822,1,1.7484555314695172e-7,0,-1,0.000001370906943520822,6.123225660247469e-17,0,-2.396357580685543e-13,-1.7484556735780643e-7,1,0,-2.658928011101125e-8,3.641429199190485e-14,-0.6064661741256714,1],[7,0.9330333471298218,-0.35969558358192444,-0.008238140493631363,0,-0.05148189887404442,-0.15613305568695068,0.986393392086029,0,-0.3560876250267029,-0.9199138283729553,-0.16419515013694763,0,-0.17783236503601074,1.159497857093811,0.2005804181098938,1],[7,0.9545978307723999,0.132285013794899,0.26691535115242004,0,-0.1096482053399086,0.9891206622123718,-0.09806828200817108,0,-0.2769845128059387,0.0643489733338356,0.9587171673774719,0,-0.1161360889673233,-0.11833304911851883,-1.1520663499832153,1],[7,0.8598663210868835,-0.5082864165306091,0.04769175499677658,0,-0.14836332201957703,-0.15940912067890167,0.976000189781189,0,-0.4884852468967438,-0.8463058471679688,-0.21248158812522888,0,-0.11659695208072662,1.1894625425338745,0.20938950777053833,1],[7,-0.08311135321855545,0.015096060000360012,-0.9964258074760437,0,-0.07281481474637985,-0.9973044991493225,-0.009035925380885601,0,-0.9938764572143555,0.07180358469486237,0.0839865505695343,0,0.594133734703064,-0.04198116064071655,-0.15426574647426605,1],[7,-0.9609405398368835,-0.08817983418703079,0.2623313069343567,0,-0.036187268793582916,0.9797785878181458,0.19678513705730438,0,-0.27437910437583923,0.17960576713085175,-0.9446998238563538,0,0.1497115045785904,-0.22007662057876587,1.1269171237945557,1],[7,-1.3113415775478643e-7,0.000001370906602460309,-1,0,-6.123234262925839e-17,-1,-0.000001370906602460309,0,-1,-1.7971148386693864e-13,1.3113417196564114e-7,0,0.09134369343519211,0.011708150617778301,-0.14722611010074615,1],[7,-0.08446148782968521,-0.001283331192098558,-0.9964258074760437,0,0.1216820478439331,-0.992527961730957,-0.009036000818014145,0,-0.9889690279960632,-0.12201034277677536,0.0839865505695343,0,0.33118173480033875,0.022576404735445976,-0.15426574647426605,1],[7,-0.9555724859237671,0.2847658097743988,0.07609110325574875,0,-0.084498830139637,-0.01733788102865219,-0.996272623538971,0,-0.2823852002620697,-0.9584402441978455,0.04062997177243233,0,-0.26986953616142273,1.1491501331329346,-0.020345930010080338,1],[7,-0.9560643434524536,-0.13085609674453735,0.2623312771320343,0,-0.07975338399410248,0.9771974682807922,0.19678513705730438,0,-0.28210005164146423,0.167217418551445,-0.9446998238563538,0,-0.11255444586277008,-0.22530868649482727,1.1269171237945557,1],[7,-0.8880987167358398,0.4392875134944916,0.1353045403957367,0,-0.15891441702842712,-0.0172252357006073,-0.987142026424408,0,-0.4313086271286011,-0.8981812596321106,0.08510681986808777,0,-0.19564135372638702,1.196954369544983,-0.022954318672418594,1],[7,-0.9810604453086853,-0.08715488016605377,0.17298687994480133,0,-0.0918387845158577,0.9955878853797913,-0.01924450509250164,0,-0.17054641246795654,-0.03476692736148834,-0.9847360849380493,0,0.13859407603740692,0.025610454380512238,1.1573190689086914,1]],8,8,8,8,8,8,8,8,8,8,8,8,8,8,8,8,8,8,8,8,8,8,8]]],0,0,[],[],[]],[[[22,"boss",[{"rasterizerState":{},"depthStencilState":{},"blendState":{"targets":[{}]}},{},{}],[{},{},{}],[[[{"roughness":0.9,"metallic":0.2},"mainColor",8,[4,4294918644],"albedoScale",8,[1,0.588235318660736,0.588235318660736,0.588235318660736]],{},{}],11,0,0]]],0,0,[0],[10],[11]]]]
